{
  "views": [
    {
      "intrinsic": {
        "focal_length": 2973.870344587023,
        "principal_point": [
          2305.3532777096234,
          1727.9896831547755
        ],
        "width": 4608,
        "height": 3456
      },
      "extrinsic": {
        "rotation": [
          [
            -0.9093227819207572,
            0.4160747494478941,
            0.0037257417740728105
          ],
          [
            0.22778492078750984,
            0.5052725628863586,
            -0.8323542917869039
          ],
          [
            -0.34820411850195393,
            -0.7560300523564673,
            -0.5542314063567262
          ]
        ],
        "center": [
          -19.55433185796999,
          5.096665621729116,
          120.39585721618317
        ]
      },
      "filename": "columbus_100000400150.JPG"
    },
    {
      "intrinsic": {
        "focal_length": 2973.870344587023,
        "principal_point": [
          2305.3532777096234,
          1727.9896831547755
        ],
        "width": 4608,
        "height": 3456
      },
      "extrinsic": {
        "rotation": [
          [
            -0.9596815424007025,
            0.28108333983296985,
            0.0018690221379312755
          ],
          [
            0.1537244534700882,
            0.5303932991153519,
            -0.8336976314341162
          ],
          [
            -0.23532983147219472,
            -0.7997969144238279,
            -0.5522180421693885
          ]
        ],
        "center": [
          -34.19992781179249,
          5.499145718685227,
          119.6544158920779
        ]
      },
      "filename": "columbus_100000400149.JPG"
    },
    {
      "intrinsic": {
        "focal_length": 2973.870344587023,
        "principal_point": [
          2305.3532777096234,
          1727.9896831547755
        ],
        "width": 4608,
        "height": 3456
      },
      "extrinsic": {
        "rotation": [
          [
            -0.992419387967801,
            0.12279671709934896,
            -0.004972389288637816
          ],
          [
            0.0718155895712226,
            0.5466166504321794,
            -0.8342977637299777
          ],
          [
            -0.09973103569176951,
            -0.8283303711321507,
            -0.5512916803108139
          ]
        ],
        "center": [
          -54.912240120889955,
          7.637579803587016,
          120.04057088577139
        ]
      },
      "filename": "columbus_100000400148.JPG"
    },
    {
      "intrinsic": {
        "focal_length": 2973.870344587023,
        "principal_point": [
          2305.3532777096234,
          1727.9896831547755
        ],
        "width": 4608,
        "height": 3456
      },
      "extrinsic": {
        "rotation": [
          [
            -0.9991568961625655,
            -0.04031561847792661,
            -0.007755498535267569
          ],
          [
            -0.015701564717442155,
            0.549795475073812,
            -0.8351517206195441
          ],
          [
            0.0379335961413132,
            -0.8343258275368822,
            -0.5499649586916281
          ]
        ],
        "center": [
          -72.84651481967533,
          5.650002339051554,
          120.40502605836575
        ]
      },
      "filename": "columbus_100000400147.JPG"
    },
    {
      "intrinsic": {
        "focal_length": 2973.870344587023,
        "principal_point": [
          2305.3532777096234,
          1727.9896831547755
        ],
        "width": 4608,
        "height": 3456
      },
      "extrinsic": {
        "rotation": [
          [
            -0.9771812335516039,
            -0.21231426170863063,
            -0.006284192047099638
          ],
          [
            -0.11183988792334279,
            0.5394473573453871,
            -0.8345587984811926
          ],
          [
            0.18057872594483504,
            -0.8148123728369598,
            -0.5508830373209392
          ]
        ],
        "center": [
          -90.1457635094186,
          1.947113123811235,
          120.37389699708064
        ]
      },
      "filename": "columbus_100000400146.JPG"
    },
    {
      "intrinsic": {
        "focal_length": 2973.870344587023,
        "principal_point": [
          2305.3532777096234,
          1727.9896831547755
        ],
        "width": 4608,
        "height": 3456
      },
      "extrinsic": {
        "rotation": [
          [
            -0.9254882505796503,
            -0.3786466501123273,
            -0.009910216835727209
          ],
          [
            -0.20064156445019282,
            0.5122640220216265,
            -0.8350619943197068
          ],
          [
            0.32127007432065235,
            -0.7708516628385385,
            -0.5500665898280523
          ]
        ],
        "center": [
          -107.26659072127003,
          -3.579099947482902,
          120.8881450345313
        ]
      },
      "filename": "columbus_100000400145.JPG"
    },
    {
      "intrinsic": {
        "focal_length": 2973.870344587023,
        "principal_point": [
          2305.3532777096234,
          1727.9896831547755
        ],
        "width": 4608,
        "height": 3456
      },
      "extrinsic": {
        "rotation": [
          [
            -0.8484853950781612,
            -0.5291905432718902,
            -0.0054683864766801316
          ],
          [
            -0.28868340959136407,
            0.4714755644796077,
            -0.8332902742294191
          ],
          [
            0.44354754352353404,
            -0.7054559950912868,
            -0.5528086609524141
          ]
        ],
        "center": [
          -122.74230647274999,
          -10.90814135043182,
          120.82493904813276
        ]
      },
      "filename": "columbus_100000400144.JPG"
    },
    {
      "intrinsic": {
        "focal_length": 2973.870344587023,
        "principal_point": [
          2305.3532777096234,
          1727.9896831547755
        ],
        "width": 4608,
        "height": 3456
      },
      "extrinsic": {
        "rotation": [
          [
            -0.7472493586696098,
            -0.6645429870897522,
            -0.0010071135419034705
          ],
          [
            -0.3664596548078215,
            0.41333105998733544,
            -0.8335854822679425
          ],
          [
            0.5543696576887926,
            -0.6225271505400991,
            -0.5523895631476354
          ]
        ],
        "center": [
          -138.2452061004356,
          -19.629760679696787,
          121.48546730788235
        ]
      },
      "filename": "columbus_100000400143.JPG"
    },
    {
      "intrinsic": {
        "focal_length": 2973.870344587023,
        "principal_point": [
          2305.3532777096234,
          1727.9896831547755
        ],
        "width": 4608,
        "height": 3456
      },
      "extrinsic": {
        "rotation": [
          [
            -0.6307920307832097,
            -0.7759187053640059,
            0.007181682716425497
          ],
          [
            -0.4348163209968682,
            0.3457929674623236,
            -0.8314818041595071
          ],
          [
            0.642678909639287,
            -0.5276148086623853,
            -0.5555055650351415
          ]
        ],
        "center": [
          -151.90274614126216,
          -30.09960770754381,
          121.28593718417879
        ]
      },
      "filename": "columbus_100000400142.JPG"
    },
    {
      "intrinsic": {
        "focal_length": 2973.870344587023,
        "principal_point": [
          2305.3532777096234,
          1727.9896831547755
        ],
        "width": 4608,
        "height": 3456
      },
      "extrinsic": {
        "rotation": [
          [
            -0.49975141629131153,
            -0.8661547460106038,
            0.004947512317758251
          ],
          [
            -0.48463417334977543,
            0.2748794959142624,
            -0.8304041068946494
          ],
          [
            0.7178984886015626,
            -0.4173933620569773,
            -0.5571396067184284
          ]
        ],
        "center": [
          -164.77137524188626,
          -42.40918530433977,
          120.92514740148364
        ]
      },
      "filename": "columbus_100000400141.JPG"
    },
    {
      "intrinsic": {
        "focal_length": 2973.870344587023,
        "principal_point": [
          2305.3532777096234,
          1727.9896831547755
        ],
        "width": 4608,
        "height": 3456
      },
      "extrinsic": {
        "rotation": [
          [
            -0.346842093354759,
            -0.937918434061273,
            -0.0030940790775383364
          ],
          [
            -0.5233281646347603,
            0.19626217724652417,
            -0.8292217977612909
          ],
          [
            0.7783496607420741,
            -0.2859898054660398,
            -0.5589111170769417
          ]
        ],
        "center": [
          -176.29811589081618,
          -56.07163044161327,
          121.10396279351207
        ]
      },
      "filename": "columbus_100000400140.JPG"
    },
    {
      "intrinsic": {
        "focal_length": 2973.870344587023,
        "principal_point": [
          2305.3532777096234,
          1727.9896831547755
        ],
        "width": 4608,
        "height": 3456
      },
      "extrinsic": {
        "rotation": [
          [
            -0.2193050617726161,
            -0.9755681713669956,
            -0.013116131158431132
          ],
          [
            -0.5396072612550392,
            0.13248046573413585,
            -0.8314282469339743
          ],
          [
            0.8128525656487433,
            -0.17525886344069008,
            -0.5554773058404212
          ]
        ],
        "center": [
          -185.35838373893876,
          -70.75251406841545,
          120.58042116015977
        ]
      },
      "filename": "columbus_100000400139.JPG"
    },
    {
      "intrinsic": {
        "focal_length": 2973.870344587023,
        "principal_point": [
          2305.3532777096234,
          1727.9896831547755
        ],
        "width": 4608,
        "height": 3456
      },
      "extrinsic": {
        "rotation": [
          [
            -0.08565935948947268,
            -0.9963145248076102,
            -0.004454412333748103
          ],
          [
            -0.5528253589056753,
            0.05124836339850347,
            -0.8317197411386759
          ],
          [
            0.8288827400076952,
            -0.06878206820357075,
            -0.555177836743304
          ]
        ],
        "center": [
          -192.84655554862616,
          -86.82042485930877,
          120.7054417822155
        ]
      },
      "filename": "columbus_100000400138.JPG"
    },
    {
      "intrinsic": {
        "focal_length": 2973.870344587023,
        "principal_point": [
          2305.3532777096234,
          1727.9896831547755
        ],
        "width": 4608,
        "height": 3456
      },
      "extrinsic": {
        "rotation": [
          [
            0.07879601577722284,
            -0.9968603615076741,
            -0.007785085254835344
          ],
          [
            -0.5531021638445379,
            -0.03721971995538731,
            -0.8322816162795694
          ],
          [
            0.829378794187629,
            0.0698864228676212,
            -0.5542983886415714
          ]
        ],
        "center": [
          -197.55479186558773,
          -105.11531721749138,
          121.39901765217196
        ]
      },
      "filename": "columbus_100000400137.JPG"
    },
    {
      "intrinsic": {
        "focal_length": 2973.870344587023,
        "principal_point": [
          2305.3532777096234,
          1727.9896831547755
        ],
        "width": 4608,
        "height": 3456
      },
      "extrinsic": {
        "rotation": [
          [
            0.21604743318216402,
            -0.9763823063473919,
            -0.0010480778342533692
          ],
          [
            -0.5411337434070435,
            -0.11884487720552295,
            -0.8324963464834453
          ],
          [
            0.8127101441237699,
            0.1804258490731091,
            -0.5540295430972693
          ]
        ],
        "center": [
          -197.57620173577362,
          -122.36359593166053,
          121.04520223458587
        ]
      },
      "filename": "columbus_100000400136.JPG"
    },
    {
      "intrinsic": {
        "focal_length": 2973.870344587023,
        "principal_point": [
          2305.3532777096234,
          1727.9896831547755
        ],
        "width": 4608,
        "height": 3456
      },
      "extrinsic": {
        "rotation": [
          [
            0.36268117981133363,
            -0.9319011027950872,
            -0.004764075981753657
          ],
          [
            -0.5203125849703876,
            -0.19825100008441726,
            -0.8306451437810022
          ],
          [
            0.7731346426930388,
            0.3037381694401101,
            -0.5567817783414598
          ]
        ],
        "center": [
          -194.33604348094622,
          -140.51890184451156,
          121.02634926661453
        ]
      },
      "filename": "columbus_100000400135.JPG"
    },
    {
      "intrinsic": {
        "focal_length": 2973.870344587023,
        "principal_point": [
          2305.3532777096234,
          1727.9896831547755
        ],
        "width": 4608,
        "height": 3456
      },
      "extrinsic": {
        "rotation": [
          [
            0.4669824285635332,
            -0.8842484993532593,
            -0.005657102121557844
          ],
          [
            -0.4904291077446885,
            -0.2536675955494342,
            -0.8337457893416419
          ],
          [
            0.7358034395744923,
            0.392119041057276,
            -0.5521195123799455
          ]
        ],
        "center": [
          -187.941001930443,
          -156.57944039262333,
          120.62699094099986
        ]
      },
      "filename": "columbus_100000400134.JPG"
    },
    {
      "intrinsic": {
        "focal_length": 2973.870344587023,
        "principal_point": [
          2305.3532777096234,
          1727.9896831547755
        ],
        "width": 4608,
        "height": 3456
      },
      "extrinsic": {
        "rotation": [
          [
            0.6000713458435648,
            -0.7999418555334135,
            -0.002721702271063664
          ],
          [
            -0.44574079798352884,
            -0.33154057028944284,
            -0.83150224970541
          ],
          [
            0.6642510977864469,
            0.5001738477948549,
            -0.5555147172412174
          ]
        ],
        "center": [
          -177.70710605895934,
          -171.42894450437723,
          120.56186754970895
        ]
      },
      "filename": "columbus_100000400133.JPG"
    },
    {
      "intrinsic": {
        "focal_length": 2973.870344587023,
        "principal_point": [
          2305.3532777096234,
          1727.9896831547755
        ],
        "width": 4608,
        "height": 3456
      },
      "extrinsic": {
        "rotation": [
          [
            0.7030954567429988,
            -0.7110760511243761,
            -0.005256255769815976
          ],
          [
            -0.39859929422354234,
            -0.387982858884136,
            -0.8310161874816799
          ],
          [
            0.5888763718743077,
            0.5863788457383643,
            -0.5562233974930358
          ]
        ],
        "center": [
          -164.22905277005214,
          -183.513239482961,
          120.8981497318041
        ]
      },
      "filename": "columbus_100000400132.JPG"
    },
    {
      "intrinsic": {
        "focal_length": 2973.870344587023,
        "principal_point": [
          2305.3532777096234,
          1727.9896831547755
        ],
        "width": 4608,
        "height": 3456
      },
      "extrinsic": {
        "rotation": [
          [
            0.7907480410367295,
            -0.6121330293306424,
            0.003269556401918061
          ],
          [
            -0.33768429769139446,
            -0.44066011475570177,
            -0.8317379264865594
          ],
          [
            0.5105750196486742,
            0.6565910581678542,
            -0.5551588346093155
          ]
        ],
        "center": [
          -149.73843265369976,
          -192.07905413754457,
          120.77232582017864
        ]
      },
      "filename": "columbus_100000400131.JPG"
    },
    {
      "intrinsic": {
        "focal_length": 2973.870344587023,
        "principal_point": [
          2305.3532777096234,
          1727.9896831547755
        ],
        "width": 4608,
        "height": 3456
      },
      "extrinsic": {
        "rotation": [
          [
            0.8823882700407256,
            -0.47051727652444003,
            -0.0021055608656566915
          ],
          [
            -0.26256360698845455,
            -0.4886774469830195,
            -0.832018452376731
          ],
          [
            0.3904501161220826,
            0.734716166490286,
            -0.5547439603259061
          ]
        ],
        "center": [
          -132.53468183004918,
          -199.16461889619663,
          120.55005185098233
        ]
      },
      "filename": "columbus_100000400130.JPG"
    },
    {
      "intrinsic": {
        "focal_length": 2973.870344587023,
        "principal_point": [
          2305.3532777096234,
          1727.9896831547755
        ],
        "width": 4608,
        "height": 3456
      },
      "extrinsic": {
        "rotation": [
          [
            0.9397655721341229,
            -0.34180433772491664,
            -0.0032348328945713545
          ],
          [
            -0.1920042051232363,
            -0.5200244658423736,
            -0.8322913793500136
          ],
          [
            0.2827986114648,
            0.7827798858157925,
            -0.5543289598386467
          ]
        ],
        "center": [
          -115.47614148016962,
          -203.2665130950431,
          120.34943444413551
        ]
      },
      "filename": "columbus_100000400129.JPG"
    },
    {
      "intrinsic": {
        "focal_length": 2973.870344587023,
        "principal_point": [
          2305.3532777096234,
          1727.9896831547755
        ],
        "width": 4608,
        "height": 3456
      },
      "extrinsic": {
        "rotation": [
          [
            0.9805895305817591,
            -0.1959200089649403,
            -0.007715089151923107
          ],
          [
            -0.11452519463749447,
            -0.5403785644646006,
            -0.8335916187561037
          ],
          [
            0.1591482086191623,
            0.8182947862197063,
            -0.5523273400248774
          ]
        ],
        "center": [
          -97.7750708857341,
          -204.90671657141502,
          120.14077513783411
        ]
      },
      "filename": "columbus_100000400128.JPG"
    },
    {
      "intrinsic": {
        "focal_length": 2973.870344587023,
        "principal_point": [
          2305.3532777096234,
          1727.9896831547755
        ],
        "width": 4608,
        "height": 3456
      },
      "extrinsic": {
        "rotation": [
          [
            0.9989088538421638,
            -0.046468548849916955,
            -0.004666442276310443
          ],
          [
            -0.02958636050278987,
            -0.5523412763489979,
            -0.8330928890065975
          ],
          [
            0.036135148926415284,
            0.8323219259450895,
            -0.5531134265258103
          ]
        ],
        "center": [
          -80.5144268514895,
          -203.99006627115,
          119.97053497262934
        ]
      },
      "filename": "columbus_100000400127.JPG"
    },
    {
      "intrinsic": {
        "focal_length": 2973.870344587023,
        "principal_point": [
          2305.3532777096234,
          1727.9896831547755
        ],
        "width": 4608,
        "height": 3456
      },
      "extrinsic": {
        "rotation": [
          [
            0.9912458266120734,
            0.1319042009706407,
            -0.00574395251058462
          ],
          [
            0.06860413347830485,
            -0.5517477496610098,
            -0.8311846326862056
          ],
          [
            -0.11280595770542423,
            0.8235142394095614,
            -0.5559668276038181
          ]
        ],
        "center": [
          -62.30736083753368,
          -200.87036396588712,
          120.00214100474076
        ]
      },
      "filename": "columbus_100000400126.JPG"
    },
    {
      "intrinsic": {
        "focal_length": 2973.870344587023,
        "principal_point": [
          2305.3532777096234,
          1727.9896831547755
        ],
        "width": 4608,
        "height": 3456
      },
      "extrinsic": {
        "rotation": [
          [
            0.9551999656615334,
            0.2959222752327795,
            -0.004799231319807085
          ],
          [
            0.1612778645168933,
            -0.5340444307874636,
            -0.8299313202679873
          ],
          [
            -0.24815816733905116,
            0.7919763588428314,
            -0.5578449345624412
          ]
        ],
        "center": [
          -45.871597934928,
          -196.4697920433112,
          120.11132692752919
        ]
      },
      "filename": "columbus_100000400125.JPG"
    },
    {
      "intrinsic": {
        "focal_length": 2973.870344587023,
        "principal_point": [
          2305.3532777096234,
          1727.9896831547755
        ],
        "width": 4608,
        "height": 3456
      },
      "extrinsic": {
        "rotation": [
          [
            0.8945587744294574,
            0.44691057489568836,
            -0.005961303353503367
          ],
          [
            0.24393578810013045,
            -0.4993634100064437,
            -0.8313431999064554
          ],
          [
            -0.37451292417650345,
            0.7422311788069414,
            -0.5557274033477411
          ]
        ],
        "center": [
          -28.805959988411388,
          -189.82243137422353,
          120.11912073162233
        ]
      },
      "filename": "columbus_100000400124.JPG"
    },
    {
      "intrinsic": {
        "focal_length": 2973.870344587023,
        "principal_point": [
          2305.3532777096234,
          1727.9896831547755
        ],
        "width": 4608,
        "height": 3456
      },
      "extrinsic": {
        "rotation": [
          [
            0.803128639079304,
            0.5957717354317037,
            -0.006358329286887676
          ],
          [
            0.32629537002250975,
            -0.4487407470325636,
            -0.8319633846838033
          ],
          [
            -0.4985135109427807,
            0.6660989274975246,
            -0.5547941043253337
          ]
        ],
        "center": [
          -13.562353442703383,
          -181.79427526685066,
          120.71013962149033
        ]
      },
      "filename": "columbus_100000400123.JPG"
    },
    {
      "intrinsic": {
        "focal_length": 2973.870344587023,
        "principal_point": [
          2305.3532777096234,
          1727.9896831547755
        ],
        "width": 4608,
        "height": 3456
      },
      "extrinsic": {
        "rotation": [
          [
            0.6912776123580472,
            0.7225760612213716,
            -0.004370171892166652
          ],
          [
            0.3974478250780708,
            -0.3852693173848734,
            -0.832828181212971
          ],
          [
            -0.6034653999967767,
            0.5739785612996382,
            -0.5535143378225427
          ]
        ],
        "center": [
          2.0137444826661977,
          -171.88778300383905,
          120.68718426187912
        ]
      },
      "filename": "columbus_100000400122.JPG"
    },
    {
      "intrinsic": {
        "focal_length": 2973.870344587023,
        "principal_point": [
          2305.3532777096234,
          1727.9896831547755
        ],
        "width": 4608,
        "height": 3456
      },
      "extrinsic": {
        "rotation": [
          [
            0.5551625585078821,
            0.8317389915175442,
            -0.002187148911436565
          ],
          [
            0.45988782124217803,
            -0.30915123134942185,
            -0.8324233946906218
          ],
          [
            -0.6930351545947036,
            0.4611244584106494,
            -0.5541358212129771
          ]
        ],
        "center": [
          15.082952456080918,
          -160.69478629481705,
          120.42991743657724
        ]
      },
      "filename": "columbus_100000400121.JPG"
    },
    {
      "intrinsic": {
        "focal_length": 2973.870344587023,
        "principal_point": [
          2305.3532777096234,
          1727.9896831547755
        ],
        "width": 4608,
        "height": 3456
      },
      "extrinsic": {
        "rotation": [
          [
            0.4299834266548379,
            0.9028186354075403,
            -0.005724016337368798
          ],
          [
            0.49640486860085087,
            -0.24170783226125858,
            -0.8337622744241521
          ],
          [
            -0.7541196584306336,
            0.3556625301946076,
            -0.5520939280448884
          ]
        ],
        "center": [
          27.33991076595457,
          -147.99901865408077,
          120.08904869073285
        ]
      },
      "filename": "columbus_100000400120.JPG"
    },
    {
      "intrinsic": {
        "focal_length": 2973.870344587023,
        "principal_point": [
          2305.3532777096234,
          1727.9896831547755
        ],
        "width": 4608,
        "height": 3456
      },
      "extrinsic": {
        "rotation": [
          [
            0.2949354392025969,
            0.9554895522751128,
            -0.0072665119194639805
          ],
          [
            0.5221181057303439,
            -0.16752440120200218,
            -0.8362584879512243
          ],
          [
            -0.8002535662969135,
            0.24284828699213645,
            -0.548287277924681
          ]
        ],
        "center": [
          38.55146164548205,
          -133.49859456186346,
          119.24251644821229
        ]
      },
      "filename": "columbus_100000400119.JPG"
    },
    {
      "intrinsic": {
        "focal_length": 2973.870344587023,
        "principal_point": [
          2305.3532777096234,
          1727.9896831547755
        ],
        "width": 4608,
        "height": 3456
      },
      "extrinsic": {
        "rotation": [
          [
            0.1572351363270934,
            0.9875599219013768,
            -0.0015851051532406735
          ],
          [
            0.541394338650291,
            -0.0875406890253757,
            -0.8361990180826431
          ],
          [
            -0.8259353981889952,
            0.13062169964867615,
            -0.5484238229684015
          ]
        ],
        "center": [
          46.363407965248726,
          -118.26951359922354,
          119.67793409461538
        ]
      },
      "filename": "columbus_100000400118.JPG"
    },
    {
      "intrinsic": {
        "focal_length": 2973.870344587023,
        "principal_point": [
          2305.3532777096234,
          1727.9896831547755
        ],
        "width": 4608,
        "height": 3456
      },
      "extrinsic": {
        "rotation": [
          [
            -0.0071367265889050735,
            0.9999742431936851,
            -0.0007616316776804521
          ],
          [
            0.5468508054162331,
            0.0032651526866046554,
            -0.8372237068989092
          ],
          [
            -0.8371996558463297,
            -0.00639153558625738,
            -0.5468600227879498
          ]
        ],
        "center": [
          52.553471122200605,
          -101.32442722500264,
          120.52076740844814
        ]
      },
      "filename": "columbus_100000400117.JPG"
    },
    {
      "intrinsic": {
        "focal_length": 2973.870344587023,
        "principal_point": [
          2305.3532777096234,
          1727.9896831547755
        ],
        "width": 4608,
        "height": 3456
      },
      "extrinsic": {
        "rotation": [
          [
            -0.12479030976440697,
            0.9921705832748178,
            -0.0049912195915781665
          ],
          [
            0.5399213698279481,
            0.0636864387878221,
            -0.8393026581142451
          ],
          [
            -0.8324135348443198,
            -0.10743170481116393,
            -0.5436415508488579
          ]
        ],
        "center": [
          55.429494943702636,
          -84.26301366978888,
          121.01545972114945
        ]
      },
      "filename": "columbus_100000400116.JPG"
    },
    {
      "intrinsic": {
        "focal_length": 2973.870344587023,
        "principal_point": [
          2305.3532777096234,
          1727.9896831547755
        ],
        "width": 4608,
        "height": 3456
      },
      "extrinsic": {
        "rotation": [
          [
            -0.25995508113637755,
            0.965590739480441,
            0.007607865731883656
          ],
          [
            0.5311852554170522,
            0.1495756587563417,
            -0.8339480479832824
          ],
          [
            -0.8063904638690242,
            -0.21274784637504845,
            -0.5517905160872906
          ]
        ],
        "center": [
          55.08919819760855,
          -66.13759905563529,
          120.7621757960514
        ]
      },
      "filename": "columbus_100000400115.JPG"
    },
    {
      "intrinsic": {
        "focal_length": 2973.870344587023,
        "principal_point": [
          2305.3532777096234,
          1727.9896831547755
        ],
        "width": 4608,
        "height": 3456
      },
      "extrinsic": {
        "rotation": [
          [
            -0.38005098204275267,
            0.9249645680434937,
            -0.0013412354202189114
          ],
          [
            0.5110380711930536,
            0.2087671010253327,
            -0.8338203567440423
          ],
          [
            -0.7709742802711532,
            -0.3175796677899761,
            -0.5520342505377593
          ]
        ],
        "center": [
          50.37544590965304,
          -48.96711247939387,
          119.42630250321733
        ]
      },
      "filename": "columbus_100000400114.JPG"
    },
    {
      "intrinsic": {
        "focal_length": 2973.870344587023,
        "principal_point": [
          2305.3532777096234,
          1727.9896831547755
        ],
        "width": 4608,
        "height": 3456
      },
      "extrinsic": {
        "rotation": [
          [
            -0.4950306627814379,
            0.8688657499175774,
            -0.0041172231341419785
          ],
          [
            0.48328360724134156,
            0.27140361636880195,
            -0.8323322846037712
          ],
          [
            -0.7220675853948626,
            -0.414019788949879,
            -0.5542616859209472
          ]
        ],
        "center": [
          42.26003313675845,
          -33.96025573030066,
          119.27707211536404
        ]
      },
      "filename": "columbus_100000400113.JPG"
    },
    {
      "intrinsic": {
        "focal_length": 2973.870344587023,
        "principal_point": [
          2305.3532777096234,
          1727.9896831547755
        ],
        "width": 4608,
        "height": 3456
      },
      "extrinsic": {
        "rotation": [
          [
            -0.6260048100981686,
            0.7797949667451516,
            -0.006147159741193675
          ],
          [
            0.4388684865341825,
            0.3457775539696484,
            -0.8293565787391832
          ],
          [
            -0.6446025358786234,
            -0.5218790022693907,
            -0.5586858488713969
          ]
        ],
        "center": [
          30.701544051845374,
          -19.922215699161868,
          119.26660472870725
        ]
      },
      "filename": "columbus_100000400112.JPG"
    },
    {
      "intrinsic": {
        "focal_length": 2973.870344587023,
        "principal_point": [
          2305.3532777096234,
          1727.9896831547755
        ],
        "width": 4608,
        "height": 3456
      },
      "extrinsic": {
        "rotation": [
          [
            -0.7098825158383869,
            0.7040834169643112,
            -0.018258030091498678
          ],
          [
            0.40333449150418754,
            0.38513177465491855,
            -0.8300571089474575
          ],
          [
            -0.5773976980124018,
            -0.596607122071982,
            -0.5573794400791676
          ]
        ],
        "center": [
          16.712623645280402,
          -9.262490376927715,
          120.32864179761363
        ]
      },
      "filename": "columbus_100000400111.JPG"
    },
    {
      "intrinsic": {
        "focal_length": 2973.870344587023,
        "principal_point": [
          2305.3532777096234,
          1727.9896831547755
        ],
        "width": 4608,
        "height": 3456
      },
      "extrinsic": {
        "rotation": [
          [
            -0.8018331474561152,
            0.5975214107831492,
            -0.005636248427337287
          ],
          [
            0.3344608599436624,
            0.4409674685981668,
            -0.8328767164496016
          ],
          [
            -0.4951762684200098,
            -0.6697132634895617,
            -0.5534298581571067
          ]
        ],
        "center": [
          0.2629266651787674,
          -0.7278004624338195,
          120.92023268531085
        ]
      },
      "filename": "columbus_100000400110.JPG"
    }
  ]
}